415
338
110
231
400
100
260
142
65
67
306
48
439
293
183
197
88
145
398
295
195
177
101
431
4
296
24
152
176
139
376
473
127
233
102
250
98
113
488
143
322
309
472
66
346
291
337
426
181
10
454
72
399
397
96
111
323
331
429
166
326
161
265
453
335
20
196
12
263
36
154
315
354
99
109
321
362
215
382
462
141
70
471
480
485
437
374
476
359
178
445
42
16
333
330
180
345
367
320
243
57
313
75
436
423
442
105
311
92
365
229
205
370
89
227
458
254
350
420
257
271
410
45
358
219
486
427
301
203
475
372
289
130
118
340
81
281
7
247
179
261
388
491
389
204
146
300
217
64
466
214
40
230
344
135
357
19
123
417
115
351
128
463
120
208
448
256
461
108
68
159
38
487
8
336
202
467
6
255
124
125
268
451
221
378
192
191
447
287
3
13
18
419
249
283
310
206
411
483
132
385
405
60
455
107
133
185
414
29
494
14
246
106
360
49
28
478
90
43
465
269
74
173
390
403
238
383
316
53
421
136
302
80
151
93
52
373
327
394
116
76
299
62
384
444
308
297
34
356
37
55
33
35
497
304
366
94
387
264
245
54
380
482
47
258
430
371
395
137
484
396
409
235
441
158
184
164
402
1
325
456
496
220
364
459
266
272
9
348
413
234
157
23
25
479
213
240
418
175
97
353
259
276
319
2
50
361
140
147
21
242
112
82
58
294
253
339
61
216
134
270
498
83
428
314
452
422
377
41
500
329
477
236
391
401
144
404
122
408
334
416
386
285
286
172
148
73
292
282
252
126
129
489
279
27
171
228
468
460
278
78
119
490
349
392
342
155
450
200
198
30
187
63
318
104
355
69
44
379
239
277
207
182
150
103
303
317
492
251
434
190
347
85
226
138
22
446
244
262
275
248
273
11
464
222
375
188
328
341
15
212
449
481
432
225
5
218
46
209
95
51
232
457
131
241
199
210
267
160
167
211
435
169
114
324
31
312
470
288
368
32
424
168
56
79
438
17
290
274
425
77
440
493
469
237
443
495
153
86
343
0
59
170
91
186
381
280
499
194
412
174
121
298
305
369
363
165
332
224
393
189
474
39
156
284
223
84
433
162
26
149
87
407
201
117
193
71
406
163
307
